23:1755.2.a.g:[-2, 0, 2, -2, -2, -2, 2, -8, 0, 0, 12, 12, -6, 4, 20, 18, 6, 2, 14, -14, 6, 18, 12, 12, 26, 4, -16, -22, 20, 18]:[-1, 0, 1, -7, -7, 1, -31, 8, -32, -32, 36, 36, 1, -28, 92, 81, -63, 1, -23, 41, -63, 81, 28, 36, 161, -4, 56, 89, 28, 49]:1755.2.a.l:[2, 0, 2, 4, -4, -2, 8, 12, -6, 2, -2, 8, 0, 2, -14, -10, -12, -8, 4, -12, -12, 18, -4, 8, 8, 24, -2, -8, -4, -14]:[-2, 0, 1, 1, -8, 1, 16, 36, 9, -26, -2, -11, -3, -26, 46, 13, 33, -32, -23, -39, 9, 81, -44, -11, -92, 144, -146, -92, -44, -143]
23:1755.2.a.h:[-2, 0, -2, 4, 4, -2, -8, 12, 6, -2, -2, 8, 0, 2, 14, 10, 12, -8, 4, 12, -12, 18, 4, -8, 8, -24, -2, 8, -4, 14]:[-2, 0, 1, 1, -8, 1, 16, 36, 9, -26, -2, -11, -3, -26, 46, 13, 33, -32, -23, -39, 9, 81, -44, -11, -92, 144, -146, -92, -44, -143]:1755.2.a.k:[2, 0, -2, -2, 2, -2, -2, -8, 0, 0, 12, 12, 6, 4, -20, -18, -6, 2, 14, 14, 6, 18, -12, -12, 26, -4, -16, 22, 20, -18]:[-1, 0, 1, -7, -7, 1, -31, 8, -32, -32, 36, 36, 1, -28, 92, 81, -63, 1, -23, 41, -63, 81, 28, 36, 161, -4, 56, 89, 28, 49]
23:2205.2.a.ba:[2, 0, 2, 0, 2, -8, 10, -2, 6, -2, -6, 4, 2, -4, 4, -4, 10, -8, -12, -2, -8, 6, 6, 6, -16, -18, 8, 6, 22, -4]:[-2, 0, 1, 0, -2, 13, 22, -11, 6, -26, -3, -23, -2, -23, 4, -104, -2, 16, -39, -26, -59, -99, -138, -138, 16, 78, -11, -18, 121, -44]:2205.2.a.q:[-2, 0, 2, 0, -4, 4, 4, 0, 2, 2, 12, 0, -10, 10, 4, 8, -8, 6, 22, 8, -4, 24, 2, -6, -12, 2, 2, -14, -10, -8]:[-1, 0, 1, 0, -4, -4, -4, -8, -1, 1, 36, 0, 17, 23, 4, 8, -56, -63, 119, -56, -4, 136, -161, -23, 4, -127, -1, 31, -47, -56]
23:2205.2.a.n:[-2, 0, -2, 0, -4, -4, -4, 0, 2, 2, -12, 0, 10, 10, -4, 8, 8, -6, 22, 8, 4, 24, -2, 6, 12, -2, -2, -14, -10, -8]:[-1, 0, 1, 0, -4, -4, -4, -8, -1, 1, 36, 0, 17, 23, 4, 8, -56, -63, 119, -56, -4, 136, -161, -23, 4, -127, -1, 31, -47, -56]:2205.2.a.z:[2, 0, -2, 0, 2, 8, -10, 2, 6, -2, 6, 4, -2, -4, -4, -4, -10, 8, -12, -2, 8, 6, -6, -6, 16, 18, -8, 6, 22, -4]:[-2, 0, 1, 0, -2, 13, 22, -11, 6, -26, -3, -23, -2, -23, 4, -104, -2, 16, -39, -26, -59, -99, -138, -138, 16, 78, -11, -18, 121, -44]
23:3332.2.a.h:[0, -2, 0, 0, -6, -4, 2, -4, -6, 0, 2, 16, 12, 4, 0, 12, -12, 8, 16, -6, -4, -14, 12, -12, -4, 12, 8, 18, -8, 12]:[0, -2, -12, 0, 6, -8, 1, -8, 6, -12, -26, 52, 36, -104, -48, -12, 24, 4, 16, -18, 4, 22, 24, 24, -44, 24, -32, 78, -92, -156]:3332.2.a.k:[0, 1, -1, 0, 8, 2, 2, -10, 8, 4, -11, -2, 5, -5, -2, 5, 16, -13, 9, -14, 3, 2, 8, 6, 23, 18, -28, -2, 24, -26]:[0, -3, -3, 0, 16, -12, 1, 12, 16, -48, 27, -116, -75, 3, -12, 3, 64, -39, 17, 36, -79, -12, -36, -108, 129, 68, 196, -12, 92, 156]
23:4510.2.a.o:[2, -2, -2, -2, -2, 8, -2, -2, -4, 6, 10, -2, -2, 4, 12, -6, 12, -2, 0, 10, -4, 0, 4, 10, -8, 8, 12, 36, 4, 24]:[1, -1, 1, -1, 1, 14, -7, -7, 4, 7, 23, -17, 1, 2, 4, 1, 34, 1, -8, -47, -68, -162, -4, 7, 16, -56, -14, 322, -68, 94]:4510.2.a.q:[2, 2, -2, 8, -2, 0, 10, -4, -4, 2, 0, -4, -2, 12, -12, 20, 12, -12, -6, 10, 0, 2, 12, 8, -22, -2, -4, 0, 2, 0]:[1, -2, 1, 16, 1, -12, 22, -8, 4, -2, 0, -8, 1, 24, 24, 100, -12, -12, 6, 22, -12, -26, 24, 4, 118, -26, -188, 0, -242, -12]
23:5320.2.a.i:[0, -2, -2, -2, 4, 0, -6, -2, -6, 0, 4, -2, 22, 6, 8, -14, 16, -12, 16, -6, 2, -12, -12, 16, 0, 12, 4, -20, -4, -22]:[0, -1, 1, 1, -4, -8, 1, 1, 9, -8, -28, -17, 119, -23, 16, 31, 64, 28, 56, 7, -31, 4, 36, 56, -128, 28, 4, 100, -28, 71]:5320.2.a.l:[0, 2, -2, -2, -8, 2, 0, -2, 8, 4, -6, -18, -6, 14, -6, -8, 12, 0, 14, -6, 0, -6, 6, -12, -10, 24, -8, 26, 0, 24]:[0, -2, 1, 1, 13, -11, -3, 1, 13, -71, -18, 78, -3, 46, 6, -32, 9, -3, 37, -39, -108, 9, -3, -72, -50, 141, -227, 169, -300, 117]
23:6358.2.a.a:[-1, -3, 3, -2, -1, -2, 0, -4, -3, -4, -8, 5, -8, 8, -9, 14, -5, -12, -12, 8, 14, 4, 12, 15, 10, 14, 11, -18, -10, -14]:[-1, -3, 3, -2, -1, -2, 0, -4, -3, -4, -8, 5, -8, 8, -9, 14, -5, -12, -12, 8, 14, 4, 12, 15, 10, 14, 11, -18, -10, -14]:6358.2.a.k:[-2, 4, -4, -4, -2, 6, 0, -2, -2, 2, -6, 0, 0, -4, 18, -8, 16, -4, 0, 16, 4, -4, 18, -16, 8, 6, 16, -4, 2, -22]:[1, 2, 2, 4, 1, 7, 0, -31, -49, -1, 7, -2, -18, -4, 79, 14, 56, -4, -98, 64, -94, -124, 49, 64, -112, -89, 32, -68, -97, 89]
23:6358.2.a.g:[-1, 3, -3, 2, 1, -2, 0, -4, 3, 4, 8, -5, 8, 8, -9, 14, -5, 12, -12, -8, -14, -4, 12, 15, -10, 14, 11, 18, 10, 14]:[-1, 3, -3, 2, 1, -2, 0, -4, 3, 4, 8, -5, 8, 8, -9, 14, -5, 12, -12, -8, -14, -4, 12, 15, -10, 14, 11, 18, 10, 14]:6358.2.a.j:[-2, -4, 4, 4, 2, 6, 0, -2, 2, -2, 6, 0, 0, -4, 18, -8, 16, 4, 0, -16, -4, 4, 18, -16, -8, 6, 16, 4, -2, 22]:[1, 2, 2, 4, 1, 7, 0, -31, -49, -1, 7, -2, -18, -4, 79, 14, 56, -4, -98, 64, -94, -124, 49, 64, -112, -89, 32, -68, -97, 89]
23:6650.2.a.bu:[2, -1, 0, 2, 3, 2, 8, 2, 6, 5, 20, -3, -3, -15, 15, 5, 7, -7, 4, 3, -2, 9, -16, 21, -23, -20, 2, -26, -5, 16]:[1, -7, 0, 1, -5, -28, 16, 1, -20, -1, 100, -5, -63, 49, 49, -1, -53, 5, 4, -5, -28, 13, 64, 45, 125, 100, -28, 140, -1, 64]:6650.2.a.bx:[2, 0, 0, 2, -2, 6, -2, 2, -6, 6, 4, 4, 10, 12, -4, 0, 10, 18, 10, 14, -4, 6, -2, 8, 28, 10, -18, -14, -20, -14]:[1, -2, 0, 1, -17, 1, -1, 1, 7, 7, -14, -46, 25, 18, -14, -32, 7, 79, -7, 49, -4, -63, -71, 16, 178, 7, 31, -79, 92, 31]
23:6942.2.a.q:[2, -2, -6, 0, 4, -2, -2, 0, 0, 10, -4, -4, -10, -6, 4, -4, -16, -12, 12, 16, -10, 0, -6, -2, -12, -10, 6, 8, 14, 4]:[1, 1, 9, -13, -9, 1, -12, -13, -13, 25, -9, 4, 12, -4, -9, -48, 64, 36, 36, 51, -92, -13, -4, 1, -16, -27, -4, -192, 36, 4]:6942.2.a.s:[2, -2, 4, 2, 0, -2, 0, -4, 12, 0, -2, 12, -4, 6, -2, 14, 6, 10, 12, 10, 20, 18, 2, -2, -8, -12, -28, 0, 12, -6]:[1, 1, 2, -1, -18, 1, -2, -14, 36, -2, -1, 18, -28, 9, -31, 17, -89, -73, 36, -7, 92, 63, -49, 1, 8, 28, 196, -32, -36, 7]
23:7050.2.a.bu:[2, 2, 0, 0, -6, 2, 8, -6, 12, -2, -4, 4, 16, -2, 2, 4, 4, 4, -2, 12, 4, 24, 12, 8, 20, 0, 8, 18, 6, -12]:[1, 1, 0, -12, 6, -26, 16, 6, 24, -26, -44, -44, 64, -74, 1, -44, -104, -44, -146, 36, 4, 144, 24, -32, 52, -12, 16, 6, -138, 24]:7050.2.a.bv:[2, 2, 0, 4, 4, 4, 8, 8, -4, 4, 4, -8, -8, -4, 2, -4, 0, -4, -20, -12, -16, 24, -4, -4, 4, 0, -12, 0, 12, 12]:[1, 1, 0, -2, -2, -20, 16, 16, -20, -20, -20, 10, 10, -2, 1, -20, -96, -20, 94, 30, 10, 144, -20, -20, -212, -150, -18, -216, 36, -60]
23:7425.2.a.bd:[-1, 0, 0, 1, -2, -10, 6, 4, -1, -3, 9, 0, 5, -6, 6, 8, 1, -8, -13, 8, 8, 19, 7, 1, -6, 20, -13, -18, -13, 21]:[-3, 0, 0, -3, 1, 25, 9, 4, -3, -27, 17, -13, 3, -43, 9, 3, -81, -101, 13, 3, 16, 61, -69, -81, -4, 87, 13, -36, 39, 81]:7425.2.a.bl:[2, 0, 0, 4, -2, 4, 2, 0, 16, 6, 8, 6, 4, 0, 10, 6, -10, -12, 2, 0, 4, -8, 0, 18, -10, -10, 2, -6, -4, -6]:[-2, 0, 0, 1, 1, 1, -26, -27, 64, 6, 4, -3, -8, -12, -2, 6, -2, 33, -47, -192, -23, 13, 0, 6, -83, -2, -191, -66, -188, -66]
23:7425.2.a.bi:[1, 0, 0, 1, 2, -10, -6, 4, 1, 3, 9, 0, -5, -6, -6, -8, -1, -8, -13, -8, 8, 19, -7, -1, -6, -20, -13, 18, -13, -21]:[-3, 0, 0, -3, 1, 25, 9, 4, -3, -27, 17, -13, 3, -43, 9, 3, -81, -101, 13, 3, 16, 61, -69, -81, -4, 87, 13, -36, 39, 81]:7425.2.a.z:[-2, 0, 0, 4, 2, 4, -2, 0, -16, -6, 8, 6, -4, 0, -10, -6, 10, -12, 2, 0, 4, -8, 0, -18, -10, 10, 2, 6, -4, 6]:[-2, 0, 0, 1, 1, 1, -26, -27, 64, 6, 4, -3, -8, -12, -2, 6, -2, 33, -47, -192, -23, 13, 0, 6, -83, -2, -191, -66, -188, -66]
23:7560.2.a.bb:[0, 0, -2, 2, 4, 3, 2, -5, -14, -3, 0, 2, -12, -9, 6, -6, -11, -17, -1, 3, 12, 9, -5, -3, 18, 0, -7, -14, 15, -36]:[0, 0, 1, 1, 4, -16, 1, -12, 49, -16, -73, -72, 36, 2, -64, 9, 12, 54, -18, -162, 36, -144, -12, -162, 8, 0, -152, -24, 38, 324]:7560.2.a.x:[0, 0, -2, 2, -6, -2, -4, 6, 12, -8, -4, 0, 2, 10, -2, -10, -4, 24, -2, -20, -18, 0, 2, -2, 0, -6, 8, -12, -10, 14]:[0, 0, 1, 1, 7, -17, -28, 7, 28, 8, 4, -32, -71, -7, -127, -25, -68, 136, -7, 68, 63, -8, -71, -287, -72, -23, -56, 4, 25, -1]
23:7560.2.a.bg:[0, 0, 2, 2, -4, 3, -2, -5, 14, 3, 0, 2, 12, -9, -6, 6, 11, -17, -1, -3, 12, 9, 5, 3, 18, 0, -7, 14, 15, 36]:[0, 0, 1, 1, 4, -16, 1, -12, 49, -16, -73, -72, 36, 2, -64, 9, 12, 54, -18, -162, 36, -144, -12, -162, 8, 0, -152, -24, 38, 324]:7560.2.a.bj:[0, 0, 2, 2, 6, -2, 4, 6, -12, 8, -4, 0, -2, 10, 2, 10, 4, 24, -2, 20, -18, 0, -2, 2, 0, 6, 8, 12, -10, -14]:[0, 0, 1, 1, 7, -17, -28, 7, 28, 8, 4, -32, -71, -7, -127, -25, -68, 136, -7, 68, 63, -8, -71, -287, -72, -23, -56, 4, 25, -1]
23:7650.2.a.c:[-1, 0, 0, -4, -2, -2, -1, 8, 1, 4, -2, -3, 1, 6, 4, -13, -15, 5, 10, 1, 16, 12, -11, 2, 0, 10, -3, 12, -2, -15]:[-1, 0, 0, -4, -2, -2, -1, 8, 1, 4, -2, -3, 1, 6, 4, -13, -15, 5, 10, 1, 16, 12, -11, 2, 0, 10, -3, 12, -2, -15]:7650.2.a.cw:[-2, 0, 0, 2, -4, 2, -2, -4, -4, 8, 6, 0, -4, 0, -12, -6, 16, 4, 8, 18, -8, -6, -16, 4, 0, 14, -20, -18, 8, -24]:[1, 0, 0, -1, 4, -31, 1, -4, -28, 16, 7, -32, -28, -128, 28, 1, 64, -28, -112, 63, -16, -9, 32, 4, 0, 17, 28, 31, -112, 112]
23:7650.2.a.cj:[1, 0, 0, 4, -2, 2, 1, 8, -1, 4, -2, 3, 1, -6, -4, 13, -15, 5, -10, 1, -16, 12, 11, 2, 0, 10, 3, -12, -2, 15]:[1, 0, 0, 4, -2, 2, 1, 8, -1, 4, -2, 3, 1, -6, -4, 13, -15, 5, -10, 1, -16, 12, 11, 2, 0, 10, 3, -12, -2, 15]:7650.2.a.dc:[2, 0, 0, -2, -4, -2, 2, -4, 4, 8, 6, 0, -4, 0, 12, 6, 16, 4, -8, 18, 8, -6, 16, 4, 0, 14, 20, 18, 8, 24]:[1, 0, 0, -1, 4, -31, 1, -4, -28, 16, 7, -32, -28, -128, 28, 1, 64, -28, -112, 63, -16, -9, 32, 4, 0, 17, 28, 31, -112, 112]
23:8085.2.a.ba:[-2, 2, 2, 0, -2, 0, 8, 8, -8, -4, 0, 12, -4, -12, 8, -4, 8, 12, 0, 16, 0, 0, 20, 4, -12, -4, -16, 12, 12, -4]:[-1, 1, 1, 0, 1, -32, 8, 8, 16, -4, 0, 4, -4, 28, 16, -124, 16, 4, -32, 32, -128, -72, 100, -28, 4, -4, -64, -92, -92, -284]:8085.2.a.bh:[2, 2, 2, 0, -2, -2, 6, 10, 10, 8, 14, 2, -2, 0, -6, 2, -24, -2, -4, -2, 4, -10, 2, -12, 8, -20, 32, 14, -14, -6]:[-2, 1, 1, 0, 1, -26, -3, 13, 13, 13, 46, -26, -74, -3, 6, -11, 141, -107, -44, -74, -104, -50, -11, -39, 13, 52, 253, 46, 46, -183]
23:8775.2.a.be:[2, 0, 0, 2, -2, 2, -2, -8, 0, 0, 12, -12, -6, -4, -20, -18, 6, 2, -14, -14, -6, 18, -12, 12, -26, 4, 16, 22, 20, -18]:[-1, 0, 0, -7, -7, 1, -31, 8, -32, -32, 36, 36, 1, -28, 92, 81, -63, 1, -23, 41, -63, 81, 28, 36, 161, -4, 56, 89, 28, 49]:8775.2.a.t:[-2, 0, 0, -4, -4, 2, -8, 12, 6, 2, -2, -8, 0, -2, 14, 10, -12, -8, -4, -12, 12, 18, 4, 8, -8, 24, 2, 8, -4, 14]:[-2, 0, 0, 1, -8, 1, 16, 36, 9, -26, -2, -11, -3, -26, 46, 13, 33, -32, -23, -39, 9, 81, -44, -11, -92, 144, -146, -92, -44, -143]
23:8775.2.a.bf:[2, 0, 0, -4, 4, 2, 8, 12, -6, -2, -2, -8, 0, -2, -14, -10, 12, -8, -4, 12, 12, 18, -4, -8, -8, -24, 2, -8, -4, -14]:[-2, 0, 0, 1, -8, 1, 16, 36, 9, -26, -2, -11, -3, -26, 46, 13, 33, -32, -23, -39, 9, 81, -44, -11, -92, 144, -146, -92, -44, -143]:8775.2.a.s:[-2, 0, 0, 2, 2, 2, 2, -8, 0, 0, 12, -12, 6, -4, 20, 18, -6, 2, -14, 14, -6, 18, 12, -12, -26, -4, 16, -22, 20, 18]:[-1, 0, 0, -7, -7, 1, -31, 8, -32, -32, 36, 36, 1, -28, 92, 81, -63, 1, -23, 41, -63, 81, 28, 36, 161, -4, 56, 89, 28, 49]
23:8820.2.a.bd:[0, 0, -2, 0, -4, 0, 0, 0, -4, 4, 8, 12, -12, 0, 4, -4, 0, 0, 8, -4, -8, 12, 4, -4, -24, -12, -16, -28, 12, 4]:[0, 0, 1, 0, -4, 0, -8, -2, 2, 4, 14, 28, 4, -32, -4, 2, -72, -50, 8, -28, -112, 4, -4, -68, 136, -92, 56, 178, 4, -46]:8820.2.a.bg:[0, 0, -2, 0, 2, -10, 10, 4, -4, -2, -12, -4, 4, 12, 2, 16, 4, -16, -8, 4, -16, -2, -16, 0, -6, -4, -6, 28, 18, -4]:[0, 0, 1, 0, -7, 23, 23, -28, 2, -31, 34, 2, 2, 4, -97, 46, 2, 56, -34, -68, 56, -199, 64, -288, -153, -4, 7, 188, 81, -46]
23:8820.2.a.bi:[0, 0, 2, 0, -4, 0, 0, 0, -4, 4, -8, 12, 12, 0, -4, -4, 0, 0, 8, -4, 8, 12, -4, 4, 24, 12, 16, -28, 12, 4]:[0, 0, 1, 0, -4, 0, -8, -2, 2, 4, 14, 28, 4, -32, -4, 2, -72, -50, 8, -28, -112, 4, -4, -68, 136, -92, 56, 178, 4, -46]:8820.2.a.bl:[0, 0, 2, 0, 2, 10, -10, -4, -4, -2, 12, -4, -4, 12, -2, 16, -4, 16, -8, 4, 16, -2, 16, 0, 6, 4, 6, 28, 18, -4]:[0, 0, 1, 0, -7, 23, 23, -28, 2, -31, 34, 2, 2, 4, -97, 46, 2, 56, -34, -68, 56, -199, 64, -288, -153, -4, 7, 188, 81, -46]
29:2178.2.a.bb:[2, 0, 1, -7, 0, 2, 4, 2, 2, -3, 15, 12, -2, 2, 4, 1, 1, 18, 8, -16, 7, 3, -17, 10, 7, -27, -5, 13, -8, 16]:[1, 0, -11, 11, 0, -4, -16, -4, -4, 1, 55, 16, -4, -4, -16, -11, -11, 76, 16, 44, -49, -59, 11, -20, -49, 181, -205, 41, -164, 44]:2178.2.a.x:[2, 0, -2, 4, 0, 2, 1, 5, 2, 0, 4, 6, 9, -3, 4, 12, 15, -4, 11, 6, -23, 0, 3, 5, 21, 14, 18, -9, -20, -3]:[1, 0, -4, 4, 0, -4, -1, -5, -4, -20, 4, -36, 19, -99, -16, 16, 55, -16, -1, 4, 131, -180, -59, -25, 99, -76, 36, 9, 20, -9]
29:2178.2.a.p:[-2, 0, -2, -4, 0, -2, -1, -5, 2, 0, 4, 6, -9, 3, 4, 12, 15, 4, 11, 6, 23, 0, -3, 5, 21, -14, 18, 9, 20, -3]:[1, 0, -4, 4, 0, -4, -1, -5, -4, -20, 4, -36, 19, -99, -16, 16, 55, -16, -1, 4, 131, -180, -59, -25, 99, -76, 36, 9, 20, -9]:2178.2.a.t:[-2, 0, 1, 7, 0, -2, -4, -2, 2, 3, 15, 12, 2, -2, 4, 1, 1, -18, 8, -16, -7, -3, 17, 10, 7, 27, -5, -13, 8, 16]:[1, 0, -11, 11, 0, -4, -16, -4, -4, 1, 55, 16, -4, -4, -16, -11, -11, 76, 16, 44, -49, -59, 11, -20, -49, 181, -205, 41, -164, 44]
29:2250.2.a.c:[-2, 0, 0, -2, -5, 1, -3, 12, -5, -3, 11, -9, 2, -7, -15, -2, -15, 0, -7, 0, -24, -9, -6, 14, -14, -11, 8, 6, 0, 9]:[1, 0, 0, -4, 5, -11, -9, 36, -25, -59, 19, 9, -4, 1, 45, -4, 55, -180, 11, -80, 144, 9, -116, 44, -76, -31, 16, -116, -180, -41]:2250.2.a.f:[-2, 0, 0, 1, 6, -2, -6, -10, -13, 5, -6, -4, -9, -7, -1, -8, 10, 9, -4, 6, -2, 0, -3, -5, -14, -19, 8, -11, 5, -18]:[1, 0, 0, -11, 4, -4, 4, 20, 41, 5, -36, -76, 19, 1, -61, -64, 20, 9, -16, 4, -4, -180, -29, -25, -76, 89, 16, 29, 5, 36]
29:2250.2.a.m:[2, 0, 0, -1, 6, 2, 6, -10, 13, 5, -6, 4, -9, 7, 1, 8, 10, 9, 4, 6, 2, 0, 3, -5, 14, -19, -8, 11, 5, 18]:[1, 0, 0, -11, 4, -4, 4, 20, 41, 5, -36, -76, 19, 1, -61, -64, 20, 9, -16, 4, -4, -180, -29, -25, -76, 89, 16, 29, 5, 36]:2250.2.a.n:[2, 0, 0, 2, -5, -1, 3, 12, 5, -3, 11, 9, 2, 7, 15, 2, -15, 0, 7, 0, 24, -9, 6, 14, 14, -11, -8, -6, 0, -9]:[1, 0, 0, -4, 5, -11, -9, 36, -25, -59, 19, 9, -4, 1, 45, -4, 55, -180, 11, -80, 144, 9, -116, 44, -76, -31, 16, -116, -180, -41]
29:2394.2.a.w:[2, 0, -1, 2, -7, 6, 4, -2, -2, 11, 8, 3, 5, -13, 1, 25, 11, 11, 4, -3, -10, -11, 0, 5, 1, -12, 22, 6, -1, 0]:[1, 0, -11, 1, 11, 4, -16, 1, -44, 19, -4, -9, -55, 41, -11, 155, 19, -31, -76, -209, 20, -31, -80, 5, -11, -44, 116, 4, -61, -80]:2394.2.a.z:[2, 0, 2, 2, 4, 6, 4, -2, -2, -8, 2, 6, -4, 12, -10, -8, 8, 16, 4, -20, 12, 2, 0, -12, 12, 26, 6, 0, 10, -16]:[1, 0, -4, 1, 4, 4, -16, 1, -44, -4, -44, 4, -76, 16, 20, -4, -64, 44, -76, 80, 36, -124, -80, -44, 16, 124, -236, -80, -20, 44]
29:3249.2.a.i:[-1, 0, -2, 6, 1, -2, -6, 0, -13, 5, -11, 11, 6, -7, -6, -3, 15, -16, -14, 6, 8, 0, -8, 20, 21, -4, 13, -6, -20, -18]:[-1, 0, -4, 9, -1, 1, 4, 0, 41, 5, 19, 19, 9, 1, 9, -59, -5, 59, 49, -11, -29, -180, -4, 95, 99, -121, -19, -171, 55, 76]:3249.2.a.j:[-1, 0, 1, -5, -2, 9, 2, 0, -2, -6, 3, 0, -5, -2, -17, -20, -4, -2, 11, -11, 8, 2, 6, 12, -10, -4, 21, -22, 18, -29]:[-1, 0, -11, 5, -19, 19, -19, 0, 1, 4, 1, -20, 5, -79, 71, 95, 4, -4, 19, -1, -29, -19, 9, 16, -100, -121, 109, 121, 1, 199]
29:3249.2.a.o:[1, 0, -2, 6, 1, 2, -6, 0, -13, -5, 11, -11, -6, -7, -6, 3, -15, -16, 14, -6, 8, 0, -8, -20, -21, -4, -13, 6, 20, 18]:[-1, 0, -4, 9, -1, 1, 4, 0, 41, 5, 19, 19, 9, 1, 9, -59, -5, 59, 49, -11, -29, -180, -4, 95, 99, -121, -19, -171, 55, 76]:3249.2.a.p:[1, 0, 1, -5, -2, -9, 2, 0, -2, 6, -3, 0, 5, -2, -17, 20, 4, -2, -11, 11, 8, -2, 6, -12, 10, -4, -21, 22, -18, 29]:[-1, 0, -11, 5, -19, 19, -19, 0, 1, 4, 1, -20, 5, -79, 71, 95, 4, -4, 19, -1, -29, -19, 9, 16, -100, -121, 109, 121, 1, 199]
29:4356.2.a.r:[0, 0, 1, -4, 0, -4, 7, -7, 10, -4, 9, 0, 4, -14, 1, -11, 1, -15, -11, 9, -18, -4, 8, -12, 1, -28, 8, 0, 0, -2]:[0, 0, -1, -1, 0, -1, 1, 1, 25, 4, 19, -5, -41, 29, -101, 29, -151, 45, 29, -81, 36, -41, 11, -89, -211, 191, -164, -245, -80, -79]:4356.2.a.t:[0, 0, 1, -1, 0, 7, -7, 1, -4, -15, -5, 3, -15, 0, -5, -3, 9, 7, 8, 15, -13, -21, 3, 8, -9, -11, -9, 3, -16, -15]:[0, 0, -1, -11, 0, 11, 11, -11, -16, 55, -5, -9, 55, 0, 5, -29, -11, 11, -64, 55, 11, 99, -209, -4, -81, -121, 9, -99, 44, -45]
29:4356.2.a.u:[0, 0, 1, 1, 0, -7, 7, -1, -4, 15, -5, 3, 15, 0, -5, -3, 9, -7, 8, 15, 13, 21, -3, 8, -9, 11, -9, -3, 16, -15]:[0, 0, -1, -11, 0, 11, 11, -11, -16, 55, -5, -9, 55, 0, 5, -29, -11, 11, -64, 55, 11, 99, -209, -4, -81, -121, 9, -99, 44, -45]:4356.2.a.w:[0, 0, 1, 4, 0, 4, -7, 7, 10, 4, 9, 0, -4, 14, 1, -11, 1, 15, -11, 9, 18, 4, -8, -12, 1, 28, 8, 0, 0, -2]:[0, 0, -1, -1, 0, -1, 1, 1, 25, 4, 19, -5, -41, 29, -101, 29, -151, 45, 29, -81, 36, -41, 11, -89, -211, 191, -164, -245, -80, -79]
29:4725.2.a.bb:[0, 0, 0, 2, 0, 4, 0, 14, 0, 0, 6, 6, 0, -16, 0, 0, 0, -16, 4, 0, 0, -8, 0, 0, 24, 0, 26, 0, 18, 0]:[-7, 0, 0, 1, -7, 4, 0, 49, -63, -28, 9, 9, -7, 64, 0, 0, 0, 64, 4, -63, 0, 16, -252, -343, 144, -112, 169, -28, 81, -28]:4725.2.a.x:[-1, 0, 0, 2, 2, 1, -11, 3, -11, -1, 6, 6, 1, 20, -8, -11, 8, 9, -1, 11, 14, -3, 2, 18, -3, 4, -13, -16, -7, 17]:[-1, 0, 0, 1, -19, -31, 29, 1, 29, -11, 9, 9, -1, 95, -29, 29, -29, 9, -151, 19, 29, -149, -179, 61, -209, -16, -19, 19, 1, -29]
29:4725.2.a.bb:[0, 0, 0, 2, 0, 4, 0, 14, 0, 0, 6, 6, 0, -16, 0, 0, 0, -16, 4, 0, 0, -8, 0, 0, 24, 0, 26, 0, 18, 0]:[-7, 0, 0, 1, -7, 4, 0, 49, -63, -28, 9, 9, -7, 64, 0, 0, 0, 64, 4, -63, 0, 16, -252, -343, 144, -112, 169, -28, 81, -28]:4725.2.a.bc:[1, 0, 0, 2, -2, 1, 11, 3, 11, 1, 6, 6, -1, 20, 8, 11, -8, 9, -1, -11, 14, -3, -2, -18, -3, -4, -13, 16, -7, -17]:[-1, 0, 0, 1, -19, -31, 29, 1, 29, -11, 9, 9, -1, 95, -29, 29, -29, 9, -151, 19, 29, -149, -179, 61, -209, -16, -19, 19, 1, -29]
29:5418.2.a.bb:[-2, 0, 3, -2, -2, -6, 7, -7, 7, 1, -1, -7, 7, 2, 3, -4, -8, 0, 10, -10, -4, -7, -12, 4, -9, -6, -23, -16, -18, 4]:[1, 0, 1, 1, -4, 4, 11, 11, 1, -11, -101, -19, -49, 1, -29, -16, 16, -180, 20, 20, -16, -139, 36, -16, 19, -36, 121, 44, -44, -176]:5418.2.a.x:[-2, 0, -5, -2, 1, -3, -5, 2, -6, 6, 16, 9, 7, 2, 5, 1, -8, -16, -10, 5, -11, -1, -10, 10, -18, 22, -10, -8, 12, -1]:[1, 0, 3, 1, -3, -1, -23, -12, -4, -4, 64, 17, 9, 1, -23, -3, 16, 64, -92, -75, -51, -29, -92, 12, 68, 108, 12, -192, -172, -81]
29:5742.2.a.bk:[2, 0, 0, 0, -2, -5, -1, 2, -3, -2, -6, -13, 5, -10, 18, 6, -6, -2, -4, -11, -19, -15, -15, 12, -12, 2, 9, 5, 7, 2]:[1, 0, 0, 0, 1, 5, -1, -44, -29, 1, -36, 41, -25, -20, 76, 4, -36, -124, -76, 29, 59, 45, -45, -44, -144, -4, 9, -55, -19, -244]:5742.2.a.bl:[2, 0, 0, 0, -2, 2, -12, -2, -2, -2, 6, 2, 0, -6, -14, -16, -2, 4, 24, -18, -16, 14, 6, -22, 4, 16, -16, -10, -2, -22]:[1, 0, 0, 0, 1, -32, 36, -32, -32, 1, -24, -32, -132, -24, 16, 64, -32, 4, 144, 48, 64, 16, -24, 88, 4, -68, 64, -8, -296, 88]
29:6426.2.a.be:[-2, 0, -5, 2, -6, 6, -2, 0, 6, -6, -4, 8, 0, -16, -5, -4, -1, 16, 17, 3, -14, -6, 3, 11, 3, 9, -18, -11, 3, 1]:[1, 0, 3, 1, 9, -4, 1, -13, 9, 9, -9, 3, -117, 51, -75, -9, -3, 64, 69, -27, 49, -4, -261, 27, -157, -9, 29, 27, -79, -159]:6426.2.a.bm:[-2, 0, 2, 2, 6, -2, -2, -8, -6, -6, -6, 4, -10, 4, -6, -24, 2, 4, -10, -10, 20, -2, 0, -20, -14, -14, 12, 10, -6, -28]:[1, 0, -6, 1, 2, -6, 1, 9, 2, 9, -54, -24, 18, 4, -54, 144, -62, -3, 18, 18, 72, -27, 0, 93, 49, 21, -76, -150, 2, 189]
29:6426.2.a.bn:[2, 0, -2, 2, -6, -2, 2, -8, 6, 6, -6, 4, 10, 4, 6, 24, -2, 4, -10, 10, 20, -2, 0, 20, -14, 14, 12, -10, -6, 28]:[1, 0, -6, 1, 2, -6, 1, 9, 2, 9, -54, -24, 18, 4, -54, 144, -62, -3, 18, 18, 72, -27, 0, 93, 49, 21, -76, -150, 2, 189]:6426.2.a.bv:[2, 0, 5, 2, 6, 6, 2, 0, -6, 6, -4, 8, 0, -16, 5, 4, 1, 16, 17, -3, -14, -6, -3, -11, 3, -9, -18, 11, 3, -1]:[1, 0, 3, 1, 9, -4, 1, -13, 9, 9, -9, 3, -117, 51, -75, -9, -3, 64, 69, -27, 49, -4, -261, 27, -157, -9, 29, 27, -79, -159]
29:6890.2.a.q:[-2, 2, -2, -5, -2, -2, -5, -8, 12, -3, 0, -3, -5, -3, -7, 2, -2, 14, -6, -6, -7, 5, 8, -14, -6, -8, -6, -18, -6, 28]:[1, 1, 1, 5, -19, 1, -5, 11, 31, 1, -45, -9, 5, -29, -89, 1, -19, 29, -11, 9, 1, -25, -29, 29, 4, -64, -36, 76, -11, 191]:6890.2.a.r:[-2, 2, -2, 0, 0, -2, -4, 2, -8, -4, -8, -4, 6, 16, 8, 2, 0, -10, 8, 4, 16, 8, 0, 20, -2, -12, -4, 20, 4, 12]:[1, 1, 1, -6, -6, 1, -20, -23, 10, -50, 16, -20, 9, 58, -8, 1, -6, -29, 16, -50, 10, -80, -6, 46, -23, 12, -50, 94, -290, -60]
31:6650.2.a.bq:[2, -3, 0, -2, 7, -6, 4, -2, -2, -11, 8, -3, -5, 13, 1, 25, -11, 11, -4, 3, 10, -11, 0, -5, -1, 12, -22, 6, -1, 0]:[1, 1, 0, 1, 11, 4, -16, 1, -44, 19, -4, -9, -55, 41, -11, 155, 19, -31, -76, -209, 20, -31, -80, 5, -11, -44, 116, 4, -61, -80]:6650.2.a.bv:[2, 0, 0, -2, -2, 6, -6, -2, -10, 10, 4, 12, -10, 4, -20, 0, -2, -6, -6, 18, 4, -6, -14, 8, 20, -14, 6, 18, 4, -14]:[1, -10, 0, 1, -9, 9, -1, 1, 15, 15, -6, 26, -15, -6, 90, 0, -89, -1, -151, 81, -36, -31, 49, -144, 90, -41, -81, 81, -36, 39]
59:4332.2.a.e:[0, -2, -1, -3, 10, -7, 0, 0, -2, 2, -3, 4, -11, -12, 7, -6, 4, 22, -25, 17, -12, 4, 2, 20, 10, -6, -7, -26, -18, -13]:[0, 1, -1, -9, 25, 11, -5, 0, 1, -44, -29, 4, 19, 31, -49, -71, -76, 116, 145, 71, 31, -41, -179, 80, 20, -11, -89, 149, 61, -19]:4332.2.a.f:[0, -2, -1, 0, -6, 9, -3, 0, 14, -17, -6, 1, -11, 4, 4, 7, 10, 9, -6, -18, 7, -12, 12, -15, -9, -25, -20, -4, 1, -7]:[0, 1, -1, -20, 4, 19, -29, 0, 44, 71, 4, -61, 19, -16, 4, 11, -20, -41, 4, 76, -49, -44, 16, -5, -41, 155, 100, -76, -1, -49]
59:4332.2.a.j:[0, 2, -1, -3, 10, 7, 0, 0, -2, -2, 3, -4, 11, -12, 7, 6, -4, 22, 25, -17, -12, -4, 2, -20, -10, -6, 7, 26, 18, 13]:[0, 1, -1, -9, 25, 11, -5, 0, 1, -44, -29, 4, 19, 31, -49, -71, -76, 116, 145, 71, 31, -41, -179, 80, 20, -11, -89, 149, 61, -19]:4332.2.a.k:[0, 2, -1, 0, -6, -9, -3, 0, 14, 17, 6, -1, 11, 4, 4, -7, -10, 9, 6, 18, 7, 12, 12, 15, 9, -25, 20, 4, -1, 7]:[0, 1, -1, -20, 4, 19, -29, 0, 44, 71, 4, -61, 19, -16, 4, 11, -20, -41, 4, 76, -49, -44, 16, -5, -41, 155, 100, -76, -1, -49]
