5:1058.2.a.e:[1, -1, 0, -332311, -73733731]:1:0:1:1058.2.a.a:[1, 0, 1, 0, 2]:1:2:2
5:1246.2.a.g:[1, 1, 0, -10688904, -13455247360]:1:0:4:1246.2.a.a:[1, -1, 0, -1, 13]:1:2:4
5:1664.2.a.r:[0, -1, 0, -76162, -8064798]:1:0:2:1664.2.a.a:[0, 0, 0, -4, 16]:1:2:4
5:2366.2.a.g:[1, -1, 0, -528241, -147664867]:1:0:1:2366.2.a.a:[1, 0, 1, -680, 6762]:1:2:12
5:2574.2.a.j:[1, -1, 0, -51969609, -144342625779]:1:0:2:2574.2.a.a:[1, -1, 0, -9, 189]:1:2:8
5:2736.2.a.bb:[[-2997, -1629, -3189, 633, -282, 828, -168], []]:2:0:-1:2736.2.a.a:[0, 0, 0, -147, 610]:1:2:16
5:2834.2.a.e:[1, -1, 1, -8109, -279017]:1:0:1:2834.2.a.c:[1, 0, 0, -607, 5721]:1:2:24
5:3384.2.a.f:[0, 0, 0, -3940059, -3832955098]:1:0:8:3384.2.a.a:[0, 0, 0, -84, 164]:1:2:16
5:3952.2.a.g:[0, 0, 0, -362249, -165197113]:1:0:1:3952.2.a.d:[0, 0, 0, 16, -36]:1:2:4
5:4092.2.a.d:[0, -1, 0, -923517, -341295030]:1:0:4:4092.2.a.a:[0, -1, 0, -22, 121]:1:2:12
5:4592.2.a.k:[0, -1, 0, -506856, -336299152]:1:0:8:4592.2.a.a:[0, 0, 0, -643, 6274]:1:2:4
5:4968.2.a.bf:[[-7368, 31176, -45351, 34470, -15084, 3690, -408], []]:2:0:-1:4968.2.a.a:[0, 0, 0, -39, 74]:1:2:12
5:5056.2.a.ba:[[6504, -97768, 419938, -473684, 225314, -47912, 3608], []]:2:0:32:5056.2.a.d:[0, -1, 0, -2977, 63521]:1:2:4
5:5082.2.a.h:[1, 1, 0, 6568846, -15986285388]:1:0:1:5082.2.a.c:[1, 1, 0, -849, 9189]:1:2:24
5:5221.2.a.b:[[45456220, 10723808, 1072475, 58697, 1576, 16], []]:2:0:1:5221.2.a.a:[1, -1, 0, 4, 1]:1:2:1
5:5586.2.a.d:[1, 1, 0, -1195106203, -15902721896291]:1:0:2:5586.2.a.c:[1, 1, 0, 17, 1]:1:2:4
5:5904.2.a.o:[0, 0, 0, -65361099, -203388840070]:1:0:8:5904.2.a.b:[0, 0, 0, -219, 4106]:1:2:16
5:6864.2.a.bf:[[-14672700, 1444344, -115171, -10815, 504, 16], []]:2:0:-1:6864.2.a.a:[0, -1, 0, 208, 2496]:1:2:8
5:7014.2.a.k:[1, 0, 1, -83567088, 287037688894]:1:0:1:7014.2.a.g:[1, 0, 1, -123, 562]:1:2:24
5:7084.2.a.j:[0, -1, 0, -65205, -6387007]:1:0:1:7084.2.a.a:[0, 0, 0, -397, 3085]:1:2:24
5:7632.2.a.v:[[-84941220, -260544348, -330803205, -222068034, -82883841, -16237368, -1295760], []]:2:0:-1:7632.2.a.h:[0, 0, 0, -8715, 313274]:1:2:16
5:8526.2.a.f:[1, 1, 0, -377521, -421064363]:1:0:1:8526.2.a.a:[1, 1, 0, 24, 624]:1:2:8
5:8568.2.a.j:[0, 0, 0, -6359799, -6230596790]:1:0:8:8568.2.a.a:[0, 0, 0, -804, 8836]:1:2:32
5:8784.2.a.bj:[[-63, 81, 177, -231, 15, -36], []]:2:0:-1:8784.2.a.a:[0, 0, 0, 141, 466]:1:2:16
5:8866.2.a.g:[1, -1, 0, -20911198, -36800704492]:1:0:4:8866.2.a.b:[1, 0, 1, -367, 2676]:1:2:6
5:9802.2.a.j:[[52468, 69017, -10582, -22399, -1352, 2704], []]:2:0:-1:9802.2.a.b:[1, -1, 0, -77, -155]:1:2:4
5:9936.2.a.bp:[0, 0, 0, -26667819, 156707071578]:1:0:2:9936.2.a.d:[0, 0, 0, -1899, -31846]:1:2:4
7:3200.2.a.bm:[[-10, 20, 80, -240, -60, 680, -520], []]:2:0:1:3200.2.a.a:[0, 0, 0, -100, 400]:1:2:12
7:5220.2.a.r:[[5680766145, 2593258155, 472182963, 42861081, 1939380, 34992], []]:2:0:2:5220.2.a.a:[0, 0, 0, -273, 1753]:1:2:24
7:8464.2.a.bg:[[99659, -113344, -116403, 259532, -166313, 47012, -5152], []]:2:0:1:8464.2.a.d:[0, 1, 0, -176, 1156]:1:2:6
7:8475.2.a.r:[[826414211, 1961596845, 1934906580, 1015447247, 299096355, 46889085, 3056991], [-1, 0, 0, -1]]:2:0:1:8475.2.a.a:[0, 1, 1, -2808, 57044]:1:2:36
7:8976.2.a.bm:[[-1053, -14976, -75478, -182650, -320476, -394134, -207558], []]:2:0:2:8976.2.a.a:[0, -1, 0, -184, 1024]:1:2:4
7:9510.2.a.f:[1, 1, 0, 26579312418, -18633967092621324]:1:0:6:9510.2.a.x:[[6, -143, 1447, -5864, 11189, -10200, 3600], [-1, -1]]:2:4:-1
7:9603.2.a.o:[[-151440, 91284, -26139, 7086, -1113, 66, -15], []]:2:0:1:9603.2.a.m:[[20, -270, 1497, -4406, 7230, -6246, 2210], [-1, 0, 0, -1]]:2:4:2
11:6962.2.a.q:[[-708, -4484, -4071, 10502, -295, -1652, -236], []]:2:0:-1:6962.2.a.o:[[64, 176, 155, 34, -21, -16], [0, -1, -1]]:2:4:-1
11:9025.2.a.r:[[285, 760, 641, 617, 166, 0, 95], [0, -1, -1]]:2:0:1:9025.2.a.n:[[21, -250, 1157, -2773, 3676, -2583, 756], [-1, 0, -1, -1]]:2:4:1
13:6776.2.a.r:[[-219604, 1298528, -3932753, 2425533, 574585, -375441, -100936], []]:2:0:3:6776.2.a.b:[0, 0, 0, -1804, 29524]:1:2:32
