5:1058.2.a.a:[-1, -2, -3, -2, -6, -1, -6, -2, 0, -9, -4, -2, -9, 4, 6, -3, 6, 1, -8, 6, 11, -8, 0, 9, 1, -9, 4, -6, -11, -3]:[-1, -2, -3, -2, -6, -1, -6, -2, 0, -9, -4, -2, -9, 4, 6, -3, 6, 1, -8, 6, 11, -8, 0, 9, 1, -9, 4, -6, -11, -3]:1058.2.a.e:[-1, 3, 2, -2, 4, 4, -1, -7, 0, -4, 6, -2, 6, -1, 6, -8, -9, -4, 7, 6, -9, 12, -5, -6, 6, -4, 14, 4, -6, 17]:[-1, 3, 2, -2, 4, 4, -1, -7, 0, -4, 6, -2, 6, -1, 6, -8, -9, -4, 7, 6, -9, 12, -5, -6, 6, -4, 14, 4, -6, 17]
5:1246.2.a.a:[-1, -3, -3, -1, 0, -6, -3, -7, -5, -2, -7, -12, 6, -7, -2, 5, 4, -6, 2, 2, 13, -8, -12, 1, 3, -2, 1, 8, -3, 8]:[-1, -3, -3, -1, 0, -6, -3, -7, -5, -2, -7, -12, 6, -7, -2, 5, 4, -6, 2, 2, 13, -8, -12, 1, 3, -2, 1, 8, -3, 8]:1246.2.a.g:[-1, 2, 2, -1, 0, 4, 2, -2, 0, 8, 8, 8, 6, -2, 8, -10, -6, 4, -8, -8, -2, -8, -2, 1, -2, 8, -4, 8, -18, 18]:[-1, 2, 2, -1, 0, 4, 2, -2, 0, 8, 8, 8, 6, -2, 8, -10, -6, 4, -8, -8, -2, -8, -2, 1, -2, 8, -4, 8, -18, 18]
5:1664.2.a.a:[0, -3, -3, -1, -4, -1, -7, -6, -6, 0, -8, 9, -6, -5, -5, -6, 0, 2, 2, 9, 8, 8, -4, 14, -16, 4, 16, -12, 5, -18]:[0, -3, -3, -1, -4, -1, -7, -6, -6, 0, -8, 9, -6, -5, -5, -6, 0, 2, 2, 9, 8, 8, -4, 14, -16, 4, 16, -12, 5, -18]:1664.2.a.r:[0, 2, 2, 4, 6, -1, -2, -6, 4, 10, -8, -6, -6, -10, 0, -6, -10, 2, 2, 4, -2, 8, -14, 14, 14, -6, -4, -2, 10, 2]:[0, 2, 2, 4, 6, -1, -2, -6, 4, 10, -8, -6, -6, -10, 0, -6, -10, 2, 2, 4, -2, 8, -14, 14, 14, -6, -4, -2, 10, 2]
5:2366.2.a.a:[-1, -2, -3, 1, -6, 0, -3, -4, -6, 3, -10, -1, -3, -10, 0, -9, -6, -7, 2, 0, -7, 14, -18, -6, 2, -3, -4, 0, 2, 3]:[-1, -2, -3, 1, -6, 0, -3, -4, -6, 3, -10, -1, -3, -10, 0, -9, -6, -7, 2, 0, -7, 14, -18, -6, 2, -3, -4, 0, 2, 3]:2366.2.a.g:[-1, 3, -3, 1, 4, 0, 2, -4, -1, -2, 10, 4, 12, 0, -10, -4, 9, 13, 2, -15, -2, 4, -8, 14, 2, -18, 6, 10, 12, -2]:[-1, 3, -3, 1, 4, 0, 2, -4, -1, -2, 10, 4, 12, 0, -10, -4, 9, 13, 2, -15, -2, 4, -8, 14, 2, -18, 6, 10, 12, -2]
5:2574.2.a.a:[-1, 0, -4, -4, -1, -1, -4, -4, -8, 0, -6, -10, 2, -10, -12, 2, 8, -2, -14, 8, 2, 10, 4, -12, 6, 0, -12, 12, 14, 6]:[-1, 0, -4, -4, -1, -1, -4, -4, -8, 0, -6, -10, 2, -10, -12, 2, 8, -2, -14, 8, 2, 10, 4, -12, 6, 0, -12, 12, 14, 6]:2574.2.a.j:[-1, 0, 1, 1, -1, -1, -4, 6, -3, 5, 4, 10, 7, -5, 8, 2, 3, 13, -9, -2, -3, 10, 14, 8, -14, 10, 13, -3, -16, -9]:[-1, 0, 1, 1, -1, -1, -4, 6, -3, 5, 4, 10, 7, -5, 8, 2, 3, 13, -9, -2, -3, 10, 14, 8, -14, 10, 13, -3, -16, -9]
5:2736.2.a.a:[0, 0, -4, -4, -4, -4, -6, -1, -6, -2, -2, 4, 6, -4, -2, 6, -4, -10, -8, 0, -2, -14, -16, 18, 14, -12, 2, -12, -16, -2]:[0, 0, -4, -4, -4, -4, -6, -1, -6, -2, -2, 4, 6, -4, -2, 6, -4, -10, -8, 0, -2, -14, -16, 18, 14, -12, 2, -12, -16, -2]:2736.2.a.bb:[0, 0, 1, 3, 3, 12, -1, -2, 8, -4, -6, 6, -6, -1, 5, 12, -8, 9, 24, 0, 7, -4, 4, 0, -12, -8, 6, -2, 6, 36]:[0, 0, -10, -8, -8, 36, -10, 1, 16, 4, -32, -32, -32, -92, -4, 36, 16, 10, 144, 0, 2, -160, -160, -164, 36, -148, -32, -40, -32, 324]
5:2834.2.a.c:[1, -2, -3, -4, -5, -1, -4, -7, -9, 3, 10, -2, -4, 4, -13, -6, -12, 15, -8, 12, -7, -12, -4, -13, 7, -6, -7, 7, -1, 14]:[1, -2, -3, -4, -5, -1, -4, -7, -9, 3, 10, -2, -4, 4, -13, -6, -12, 15, -8, 12, -7, -12, -4, -13, 7, -6, -7, 7, -1, 14]:2834.2.a.e:[1, 3, 2, 1, -5, -1, 6, 3, -4, 8, -5, -12, -9, 4, -8, 9, -7, 10, -8, 7, 8, 8, 6, 12, 2, -11, -17, 2, -1, 14]:[1, 3, 2, 1, -5, -1, 6, 3, -4, 8, -5, -12, -9, 4, -8, 9, -7, 10, -8, 7, 8, 8, 6, 12, 2, -11, -17, 2, -1, 14]
5:3384.2.a.a:[0, 0, -3, -5, -3, -6, -2, -2, 3, 1, -10, -11, -10, 2, -1, 0, 8, -10, -2, 6, -2, -1, -4, 14, -15, -4, 5, 1, 6, 18]:[0, 0, -3, -5, -3, -6, -2, -2, 3, 1, -10, -11, -10, 2, -1, 0, 8, -10, -2, 6, -2, -1, -4, 14, -15, -4, 5, 1, 6, 18]:3384.2.a.f:[0, 0, 2, 0, 2, 4, -2, 8, 8, 6, -10, -6, 0, -8, -1, -10, 8, 10, 8, 16, -2, 4, 16, -6, -10, 6, -20, 6, 16, -12]:[0, 0, 2, 0, 2, 4, -2, 8, 8, 6, -10, -6, 0, -8, -1, -10, 8, 10, 8, 16, -2, 4, 16, -6, -10, 6, -20, 6, 16, -12]
5:3952.2.a.d:[0, 0, -3, -3, -3, -1, -7, -1, 0, -8, -2, -8, 2, -1, 7, -4, 12, -9, -2, -4, -13, -6, -4, -6, 4, 6, -12, 20, 4, 18]:[0, 0, -3, -3, -3, -1, -7, -1, 0, -8, -2, -8, 2, -1, 7, -4, 12, -9, -2, -4, -13, -6, -4, -6, 4, 6, -12, 20, 4, 18]:3952.2.a.g:[0, 0, 2, 2, 2, -1, -7, -1, 5, 2, 3, 7, 7, 9, 2, 6, -3, 11, 3, 16, 2, 4, 6, -6, -11, 11, 8, -10, -1, -12]:[0, 0, 2, 2, 2, -1, -7, -1, 5, 2, 3, 7, 7, 9, 2, 6, -3, 11, 3, 16, 2, 4, 6, -6, -11, 11, 8, -10, -1, -12]
5:4092.2.a.a:[0, -1, -3, -3, -1, -2, -4, -7, -2, -10, -1, 0, -7, 2, 0, -2, 9, 10, -16, -15, -6, -10, 0, -18, -7, 15, 13, 13, -7, -15]:[0, -1, -3, -3, -1, -2, -4, -7, -2, -10, -1, 0, -7, 2, 0, -2, 9, 10, -16, -15, -6, -10, 0, -18, -7, 15, 13, 13, -7, -15]:4092.2.a.d:[0, -1, 2, 2, -1, -2, -4, -2, 8, 0, -1, 10, 8, 2, 0, -2, 4, 10, 4, 0, 14, 10, 0, 2, -2, 0, -12, 8, -2, -10]:[0, -1, 2, 2, -1, -2, -4, -2, 8, 0, -1, 10, 8, 2, 0, -2, 4, 10, 4, 0, 14, 10, 0, 2, -2, 0, -12, 8, -2, -10]
5:4592.2.a.a:[0, -3, -1, -1, -4, -6, 3, -4, -2, 1, -9, -8, -1, 5, 6, -3, -14, -11, 8, -3, -14, -7, -16, 5, 1, -10, -13, 9, -14, -15]:[0, -3, -1, -1, -4, -6, 3, -4, -2, 1, -9, -8, -1, 5, 6, -3, -14, -11, 8, -3, -14, -7, -16, 5, 1, -10, -13, 9, -14, -15]:4592.2.a.k:[0, 2, 4, -1, -4, 4, -2, 6, 8, 6, -4, 2, -1, 0, -4, 2, -14, 4, 8, -8, -14, 8, -6, 10, 6, 0, 12, 4, 6, -10]:[0, 2, 4, -1, -4, 4, -2, 6, 8, 6, -4, 2, -1, 0, -4, 2, -14, 4, 8, -8, -14, 8, -6, 10, 6, 0, 12, 4, 6, -10]
5:4968.2.a.a:[0, 0, -3, -2, -3, -7, -5, -6, -1, -2, -1, 12, -4, -6, -6, -9, -10, 2, 12, 6, -1, 12, -12, -3, 18, -6, -8, 15, -2, -6]:[0, 0, -3, -2, -3, -7, -5, -6, -1, -2, -1, 12, -4, -6, -6, -9, -10, 2, 12, 6, -1, 12, -12, -3, 18, -6, -8, 15, -2, -6]:4968.2.a.bf:[0, 0, 4, 6, 5, 5, 2, -1, -2, -3, 6, 15, 10, 8, 5, -8, -2, -4, 13, -7, -5, 13, -6, 1, -17, -31, -24, -1, 15, 7]:[0, 0, 4, 9, -4, -4, -40, -10, 1, -8, -32, 46, -16, 16, -86, 16, -40, -37, 32, 2, -86, 32, -32, -92, -20, 230, 103, -10, 46, 2]
5:5056.2.a.ba:[0, 0, 4, 8, 0, -4, 4, 0, 4, 4, -4, 4, 12, 16, 0, -4, 0, 12, -16, -8, 24, 2, -8, 8, -4, 4, 16, 0, -4, -4]:[0, -6, 4, 16, 0, -20, -20, -24, -20, -50, -20, -2, 12, 58, -96, -2, -6, 30, 40, 16, 144, 1, -80, 16, -92, -20, -32, -54, -146, 4]:5056.2.a.d:[0, -1, -3, -1, 0, -5, 0, -2, -6, 0, -4, -2, -12, -8, -9, -6, 9, -8, 4, -9, 2, 1, -18, 9, 17, 15, -13, -3, -2, 18]:[0, -1, -3, -1, 0, -5, 0, -2, -6, 0, -4, -2, -12, -8, -9, -6, 9, -8, 4, -9, 2, 1, -18, 9, 17, 15, -13, -3, -2, 18]
5:5082.2.a.c:[-1, -1, -3, -1, 0, -5, -1, -6, -4, -1, -6, -3, -9, 10, -10, 3, -2, -6, 8, -6, -6, -6, -16, -17, 13, -18, 16, -10, -3, -11]:[-1, -1, -3, -1, 0, -5, -1, -6, -4, -1, -6, -3, -9, 10, -10, 3, -2, -6, 8, -6, -6, -6, -16, -17, 13, -18, 16, -10, -3, -11]:5082.2.a.h:[-1, -1, 2, -1, 0, 5, -6, 4, 1, -1, -1, 12, -9, 5, 10, -2, 13, -11, -7, -1, 4, 4, -11, 13, -12, 12, 11, 0, -8, 4]:[-1, -1, 2, -1, 0, 5, -6, 4, 1, -1, -1, 12, -9, 5, 10, -2, 13, -11, -7, -1, 4, 4, -11, 13, -12, 12, 11, 0, -8, 4]
5:5221.2.a.a:[1, 0, -3, 0, -5, 0, -3, -4, -1, 1, -8, -1, -4, -11, -4, 10, -12, -13, -4, 10, 1, 13, 14, -14, -2, -1, 11, -2, 14, -8]:[1, 0, -3, 0, -5, 0, -3, -4, -1, 1, -8, -1, -4, -11, -4, 10, -12, -13, -4, 10, 1, 13, 14, -14, -2, -1, 11, -2, 14, -8]:5221.2.a.b:[2, 0, 4, 3, -7, 0, 7, -1, -2, 5, 1, 15, -2, 5, 12, 0, 10, 1, 18, 12, -7, 9, 2, -14, 8, -1, -1, 10, 14, 4]:[1, 0, 4, -5, 5, 0, 5, -7, 1, -1, -7, 49, -28, -1, 36, 0, -4, -7, 52, -80, -53, 13, -28, 20, -100, -65, -7, -4, 20, 4]
5:5586.2.a.c:[-1, -1, -1, 0, -5, -6, -2, -1, -9, -8, -4, -4, 4, 1, 1, -8, 6, 15, -10, -6, -9, 12, -11, -2, 8, -15, 8, 12, 0, 0]:[-1, -1, -1, 0, -5, -6, -2, -1, -9, -8, -4, -4, 4, 1, 1, -8, 6, 15, -10, -6, -9, 12, -11, -2, 8, -15, 8, 12, 0, 0]:5586.2.a.d:[-1, -1, -1, 0, -5, 4, -2, -1, 6, -3, 1, 6, -6, -4, 6, -3, -9, -10, 10, -16, 6, 7, 9, 8, 3, 10, 8, -13, -20, -10]:[-1, -1, -1, 0, -5, 4, -2, -1, 6, -3, 1, 6, -6, -4, 6, -3, -9, -10, 10, -16, 6, 7, 9, 8, 3, 10, 8, -13, -20, -10]
5:5904.2.a.b:[0, 0, -3, -2, -6, -1, -3, -5, -6, 0, 1, 2, 1, -8, -12, -6, -9, -10, 13, 15, -7, 4, 3, -15, 2, -12, 13, -15, 2, 6]:[0, 0, -3, -2, -6, -1, -3, -5, -6, 0, 1, 2, 1, -8, -12, -6, -9, -10, 13, 15, -7, 4, 3, -15, 2, -12, 13, -15, 2, 6]:5904.2.a.o:[0, 0, 2, -2, 4, 4, 2, 0, 4, 0, -4, 2, 1, 12, -2, 4, -4, 10, 8, -10, -2, 14, -12, -10, -18, -12, -12, 20, 12, -14]:[0, 0, 2, -2, 4, 4, 2, 0, 4, 0, -4, 2, 1, 12, -2, 4, -4, 10, 8, -10, -2, 14, -12, -10, -18, -12, -12, 20, 12, -14]
5:6864.2.a.a:[0, -1, -3, -5, 1, 1, 0, -2, -3, -3, -8, -10, -3, -5, -12, -6, 9, -13, -5, -6, -7, 10, -6, 0, -10, -6, 19, 3, -16, -15]:[0, -1, -3, -5, 1, 1, 0, -2, -3, -3, -8, -10, -3, -5, -12, -6, 9, -13, -5, -6, -7, 10, -6, 0, -10, -6, 19, 3, -16, -15]:6864.2.a.bf:[0, -2, 4, 0, 2, 2, 2, -2, 6, 4, 2, 2, 4, 0, 16, 6, 8, 0, 0, 4, 14, -4, 8, -20, 20, -12, 12, -2, 28, -16]:[0, 1, 4, 0, 1, 1, -40, -40, -32, 4, -40, -40, 4, 0, 64, -32, 16, -164, 0, -160, 8, -160, 16, 100, 100, 36, -128, -40, 196, -100]
5:7014.2.a.g:[-1, 1, -4, -1, -4, -2, -6, -4, -6, -6, 0, 8, -2, -10, -8, -6, -2, -2, -10, -6, -8, -8, 6, 14, -2, 12, -6, -4, 12, -16]:[-1, 1, -4, -1, -4, -2, -6, -4, -6, -6, 0, 8, -2, -10, -8, -6, -2, -2, -10, -6, -8, -8, 6, 14, -2, 12, -6, -4, 12, -16]:7014.2.a.k:[-1, 1, 1, -1, 6, -2, 4, -4, -6, 9, -5, 3, 8, -10, 2, -6, 8, 13, 10, 14, 7, 17, -14, -1, -2, 17, -16, -4, 17, -1]:[-1, 1, 1, -1, 6, -2, 4, -4, -6, 9, -5, 3, 8, -10, 2, -6, 8, 13, 10, 14, 7, 17, -14, -1, -2, 17, -16, -4, 17, -1]
5:7084.2.a.a:[0, -3, -4, 1, -1, -3, -6, -2, 1, 3, -7, -2, 5, -6, 1, -8, 4, -8, -14, -3, -13, 0, -12, 2, -8, -6, -8, -8, -8, -2]:[0, -3, -4, 1, -1, -3, -6, -2, 1, 3, -7, -2, 5, -6, 1, -8, 4, -8, -14, -3, -13, 0, -12, 2, -8, -6, -8, -8, -8, -2]:7084.2.a.j:[0, 2, 1, 1, -1, 2, 4, -2, 1, 8, -2, -2, -5, 9, 6, 12, -6, 12, 16, 7, -13, 15, -2, -3, 2, -1, 7, -3, 7, -2]:[0, 2, 1, 1, -1, 2, 4, -2, 1, 8, -2, -2, -5, 9, 6, 12, -6, 12, 16, 7, -13, 15, -2, -3, 2, -1, 7, -3, 7, -2]
5:7632.2.a.h:[0, 0, 0, -5, -3, -4, -6, -5, -3, -3, -8, -4, 3, 4, 6, 1, -12, -1, 13, -15, 2, 16, 0, 0, 5, 0, 4, 12, -10, -12]:[0, 0, 0, -5, -3, -4, -6, -5, -3, -3, -8, -4, 3, 4, 6, 1, -12, -1, 13, -15, 2, 16, 0, 0, 5, 0, 4, 12, -10, -12]:7632.2.a.v:[0, 0, -1, 0, 3, 12, 9, 2, 3, 2, 1, 12, -2, -11, -10, 2, -3, -12, 14, 0, 4, 15, 2, 3, -3, -1, 4, -12, 1, -23]:[0, 0, -10, 0, -8, 36, 10, -40, -8, -40, -92, 36, -40, 20, -16, 1, -8, 36, 8, 0, 4, -36, -40, -90, -90, -10, -160, -128, -10, 122]
5:8526.2.a.a:[-1, -1, -2, 0, -4, -6, 2, -4, 0, -1, 4, -6, -6, -12, 8, -6, -8, -10, -4, -8, -2, 4, 0, -14, -18, 6, 8, 16, -2, -18]:[-1, -1, -2, 0, -4, -6, 2, -4, 0, -1, 4, -6, -6, -12, 8, -6, -8, -10, -4, -8, -2, 4, 0, -14, -18, 6, 8, 16, -2, -18]:8526.2.a.f:[-1, -1, 3, 0, 6, 4, -3, 1, 0, -1, 4, -1, 9, -7, 3, -6, -3, 10, -4, 12, -2, 14, 0, 6, -8, 6, 13, -9, 8, -3]:[-1, -1, 3, 0, 6, 4, -3, 1, 0, -1, 4, -1, 9, -7, 3, -6, -3, 10, -4, 12, -2, 14, 0, 6, -8, 6, 13, -9, 8, -3]
5:8568.2.a.a:[0, 0, -3, -1, -5, -3, -1, -5, -5, -2, 8, -6, -9, -1, 0, -4, -12, -6, -16, -8, -10, 8, -14, 8, -8, -10, 13, 15, -6, 15]:[0, 0, -3, -1, -5, -3, -1, -5, -5, -2, 8, -6, -9, -1, 0, -4, -12, -6, -16, -8, -10, 8, -14, 8, -8, -10, 13, 15, -6, 15]:8568.2.a.j:[0, 0, 2, -1, 0, 2, -1, 0, 0, -2, 8, -6, 6, 4, 0, -14, 8, 14, 4, -8, 10, 8, 16, -2, 2, -10, 8, 0, -6, -10]:[0, 0, 2, -1, 0, 2, -1, 0, 0, -2, 8, -6, 6, 4, 0, -14, 8, 14, 4, -8, 10, 8, 16, -2, 2, -10, 8, 0, -6, -10]
5:8784.2.a.a:[0, 0, -3, -2, -6, 4, -5, -4, -3, -6, -4, -9, 12, -9, 0, -10, 4, -1, -12, -7, 7, 6, -3, -9, -1, 0, 1, -1, -4, -20]:[0, 0, -3, -2, -6, 4, -5, -4, -3, -6, -4, -9, 12, -9, 0, -10, 4, -1, -12, -7, 7, 6, -3, -9, -1, 0, 1, -1, -4, -20]:8784.2.a.bj:[0, 0, 4, 0, -4, 8, 8, -4, -4, 0, 8, 12, -12, -8, 0, -8, 20, -2, 8, 4, -4, -8, 16, 0, 16, 0, 28, 0, 20, 12]:[0, 0, 4, -24, -2, 16, 10, -20, -2, -6, -8, 36, 12, 16, 0, 10, 94, 1, -80, -2, -92, 16, -32, -6, -32, -150, 172, -96, 4, -180]
5:8866.2.a.b:[-1, -2, -2, -3, 1, -1, -5, 4, -5, 4, -1, -1, 0, -1, -12, 6, -5, -8, -11, 0, -10, -10, 9, -4, -5, 5, -10, 0, 7, -13]:[-1, -2, -2, -3, 1, -1, -5, 4, -5, 4, -1, -1, 0, -1, -12, 6, -5, -8, -11, 0, -10, -10, 9, -4, -5, 5, -10, 0, 7, -13]:8866.2.a.g:[-1, 3, 3, -3, 1, -1, -5, 4, 0, 4, -1, -1, 0, -1, 3, 6, 10, 12, 4, 5, 0, 10, 4, 16, 0, -10, 10, 0, 17, 2]:[-1, 3, 3, -3, 1, -1, -5, 4, 0, 4, -1, -1, 0, -1, 3, 6, 10, 12, 4, 5, 0, 10, 4, 16, 0, -10, 10, 0, 17, 2]
5:9802.2.a.b:[-1, 0, 0, -2, 0, 0, -6, -8, -8, -1, 0, -10, -2, -4, 0, -6, 6, -2, 10, -10, 6, -4, 2, 6, 6, 10, 0, -4, 16, 6]:[-1, 0, 0, -2, 0, 0, -6, -8, -8, -1, 0, -10, -2, -4, 0, -6, 6, -2, 10, -10, 6, -4, 2, 6, 6, 10, 0, -4, 16, 6]:9802.2.a.j:[-2, 0, 3, 3, 3, 0, 8, -9, 4, -2, 0, 0, 9, 12, 6, -12, 0, -5, 6, 12, -3, 1, 12, 9, -15, 11, -2, 3, -9, -6]:[1, 0, -5, -5, -5, 0, 16, 13, 4, 1, 0, 0, 13, 36, -20, 36, -116, -59, -20, -80, -179, -65, -80, 13, 49, -35, -260, -63, -45, -252]
5:9936.2.a.bp:[0, 0, 2, 3, -3, 4, 2, 2, 1, 1, -10, 2, 4, -8, 13, 8, 10, 5, -8, 9, -6, 16, -8, -9, 16, 3, 1, 13, -1, -9]:[0, 0, 2, 3, -3, 4, 2, 2, 1, 1, -10, 2, 4, -8, 13, 8, 10, 5, -8, 9, -6, 16, -8, -9, 16, 3, 1, 13, -1, -9]:9936.2.a.d:[0, 0, -3, -2, -3, -1, -3, -8, 1, 6, -5, 2, -6, -8, -12, 3, 0, -10, -8, -6, -1, -14, 12, -9, -4, -12, -14, 3, -16, 6]:[0, 0, -3, -2, -3, -1, -3, -8, 1, 6, -5, 2, -6, -8, -12, 3, 0, -10, -8, -6, -1, -14, 12, -9, -4, -12, -14, 3, -16, 6]
7:3200.2.a.a:[0, -3, 0, -4, -3, -2, -3, -7, -6, -6, 10, 0, -11, -4, 2, -14, -4, -8, -5, -2, -9, -12, -1, 3, 2, 4, 6, 13, 4, 3]:[0, -3, 0, -4, -3, -2, -3, -7, -6, -6, 10, 0, -11, -4, 2, -14, -4, -8, -5, -2, -9, -12, -1, 3, 2, 4, 6, 13, 4, 3]:3200.2.a.bm:[0, 2, 0, 4, -2, 0, 6, -6, 4, 16, 4, 4, 10, 20, 8, -4, -4, 12, -14, -8, -6, 20, -6, 18, 12, -4, 8, -18, 12, -18]:[0, -1, 0, -4, -17, -32, 1, 7, -4, 64, -4, -28, -7, 100, -16, -28, -28, 36, 31, -16, 1, 92, -9, 73, -92, -284, -16, 31, 4, 49]
7:5220.2.a.a:[0, 0, -1, -5, -5, -5, -7, 0, -4, 1, 8, -8, -10, -2, -11, 0, 0, -2, 9, -10, -12, 8, 4, 9, 16, 7, -12, -18, -5, 9]:[0, 0, -1, -5, -5, -5, -7, 0, -4, 1, 8, -8, -10, -2, -11, 0, 0, -2, 9, -10, -12, 8, 4, 9, 16, 7, -12, -18, -5, 9]:5220.2.a.r:[0, 0, -2, 4, 3, 4, 0, -2, -9, 2, 16, 13, 9, -5, -6, 3, 0, -2, 4, 6, 7, 16, 9, 0, 1, 3, 4, 18, -23, -24]:[0, 0, 1, 4, -12, 4, 0, -56, 6, 1, 64, 28, 6, -8, -48, -126, 0, -56, 4, -48, -116, 64, 6, -228, -128, -126, 4, 24, 118, 144]
7:8464.2.a.bg:[0, 4, -2, 0, 4, 2, 8, -8, 0, 6, 12, 0, -2, 4, 4, 10, 8, 14, 8, -8, -2, 8, -12, -14, -14, 26, 12, 16, 6, 10]:[0, 2, 1, -18, 2, -7, 8, 14, 0, 1, 28, -32, -7, -68, -14, 25, -34, 41, -16, -34, -71, -112, 28, 49, -23, 137, 28, -34, -23, -7]:8464.2.a.d:[0, -2, -1, -2, -2, -5, -2, 6, 0, -5, 0, 2, -9, -8, -10, -9, 10, -13, -8, 2, 3, 0, -12, 7, -17, -13, -16, -6, 15, 3]:[0, -2, -1, -2, -2, -5, -2, 6, 0, -5, 0, 2, -9, -8, -10, -9, 10, -13, -8, 2, 3, 0, -12, 7, -17, -13, -16, -6, 15, 3]
7:8475.2.a.a:[-2, 1, 0, -3, -6, -5, -3, 0, -3, -3, -7, -2, -8, 0, 9, -4, -9, 6, -14, 0, 10, -14, -14, 1, -13, -3, -14, -12, 18, -1]:[-2, 1, 0, -3, -6, -5, -3, 0, -3, -3, -7, -2, -8, 0, 9, -4, -9, 6, -14, 0, 10, -14, -14, 1, -13, -3, -14, -12, 18, -1]:8475.2.a.r:[2, 2, 0, -6, 4, -10, 6, 0, 6, 4, 14, 8, 12, 8, 8, -12, -6, 2, -8, -6, -20, 16, 4, -12, -4, -18, 28, 6, 14, -2]:[-1, 1, 0, 9, -4, 25, 1, 0, 1, -28, 49, 8, 36, -56, -16, 4, 1, -31, -112, -63, 92, 56, -28, 36, -124, 73, 196, 1, -79, 1]
7:8976.2.a.a:[0, -1, -2, -4, 1, -4, -1, 0, 0, -8, -2, -8, -10, 0, -2, -4, 0, 6, 4, -12, -6, -4, 4, -6, -10, -18, -8, -4, 6, -14]:[0, -1, -2, -4, 1, -4, -1, 0, 0, -8, -2, -8, -10, 0, -2, -4, 0, 6, 4, -12, -6, -4, 4, -6, -10, -18, -8, -4, 6, -14]:8976.2.a.bm:[0, -2, 4, 6, 2, 0, -2, 4, 4, -10, 0, -12, 2, 20, 2, 14, 10, 8, 2, 0, -14, -4, 16, 22, -4, 0, 10, 10, -6, 4]:[0, 1, 2, 9, 1, -2, 1, -28, -28, 23, -32, 18, -1, 98, -1, 47, 7, -16, -71, -242, 41, -196, 62, 119, -46, -128, 17, 7, -191, -28]
7:9510.2.a.f:[-1, -1, 1, 1, 4, -5, 3, 1, 0, 0, 4, -2, -5, 8, 9, 1, 3, 6, -4, -12, -14, 11, -5, 12, -8, 15, 11, 4, 11, -4]:[-1, -1, 1, 1, 4, -5, 3, 1, 0, 0, 4, -2, -5, 8, 9, 1, 3, 6, -4, -12, -14, 11, -5, 12, -8, 15, 11, 4, 11, -4]:9510.2.a.x:[-2, -2, 2, -6, -4, -10, -10, -12, -2, -4, -4, -8, 0, -12, -4, -8, -8, -18, -12, -18, 4, 0, 6, 6, -6, 14, -30, -4, 12, -4]:[1, 1, 1, 7, -4, 25, 17, 36, -49, -28, -4, -16, -32, 36, -68, -16, 16, 73, 4, 79, -28, -128, -41, -191, -23, 41, 207, -4, 4, -28]
7:9603.2.a.m:[-2, 0, -4, -4, -2, -8, 0, -4, -8, -8, 4, -4, 0, -8, -8, 4, -16, -12, -24, -24, -4, 0, 20, -20, -2, 0, 12, -4, -36, 4]:[-1, 0, 2, 2, 1, 14, -8, 2, 14, 16, -68, -28, -32, -16, -56, 4, 62, 4, 136, 142, -4, -32, 68, 28, 1, -8, 28, -28, 316, -196]:9603.2.a.o:[-2, 0, 0, 4, -2, -6, 6, -2, 0, -2, -6, 12, 16, -8, -2, -6, -24, 8, -4, -16, 8, 0, 14, 14, -2, 24, 18, -2, 12, -6]:[-1, 0, -8, 4, 1, 7, 7, -17, -8, -1, 1, 28, 56, -16, -7, -23, 144, -16, -124, 64, 16, -200, 31, 41, 1, 136, 49, -49, 4, -63]
11:6962.2.a.o:[-2, -2, -1, -2, -4, -9, -9, -4, -10, -17, -10, -9, -16, 8, 8, 3, 0, 16, 10, -12, -1, -10, -8, -17, -5, 3, 28, -4, 7, 7]:[1, -4, -1, -4, 4, 19, 19, -16, 20, 71, 20, 19, 44, -4, -4, -29, 0, 44, 20, 16, -1, -20, 16, 11, -5, -209, 196, 4, -269, -89]:6962.2.a.q:[-2, -1, -1, 4, 2, 6, -2, 4, 6, 12, -3, 13, 15, 12, -11, -11, 0, 10, 18, 0, -10, -18, 23, -7, 8, 8, 9, -34, -9, 8]:[1, -1, -1, -1, -19, 4, 1, -1, 4, 31, 1, 41, 55, -9, -1, 19, 0, 25, 81, -20, -20, 61, 101, -49, 11, 11, -191, 284, 9, -164]
11:9025.2.a.n:[-1, -3, 0, -6, -1, 2, -6, 0, -13, -5, -11, -11, -6, 7, -6, -3, -15, -16, 14, -6, -8, 0, -8, -20, -21, 4, -13, -6, -20, -18]:[-1, 1, 0, 9, -1, 1, 4, 0, 41, 5, 19, 19, 9, 1, 9, -59, -5, 59, 49, -11, -29, -180, -4, 95, 99, -121, -19, -171, 55, 76]:9025.2.a.r:[0, 4, 0, 2, 6, 3, 1, 0, 0, -3, 12, 11, 3, -8, -14, 11, -2, 13, 8, 2, 9, -4, 6, -1, -11, 17, 2, 6, 13, -27]:[-5, 4, 0, -4, 4, -9, -1, 0, -20, -29, 36, 19, -29, -4, 44, -1, -4, 31, -4, -4, -81, 4, -36, -61, -1, 11, -44, 4, 11, 171]
13:6776.2.a.b:[0, -3, -3, 1, 0, -4, -4, -8, -3, -4, 5, 11, 0, -4, -4, -10, 3, -12, -5, -9, -16, -8, 12, -13, -3, -16, 4, -12, 4, -19]:[0, -3, -3, 1, 0, -4, -4, -8, -3, -4, 5, 11, 0, -4, -4, -10, 3, -12, -5, -9, -16, -8, 12, -13, -3, -16, 4, -12, 4, -19]:6776.2.a.r:[0, 2, 2, 2, 0, 10, -8, 2, 0, 8, 0, -4, 0, -4, 8, 16, 2, -2, -20, 24, 4, -16, 6, -20, -16, -14, -8, 4, -12, 4]:[0, -2, -2, 1, 0, 22, 16, -2, -48, 4, -12, 4, 0, -104, 4, 52, -146, -146, 88, 132, -8, 64, 6, 52, 52, 46, 4, -296, -12, -8]
