2736.2.a.bb:41:[[-2997,-1629,-3189,633,-282,828,-168],[]]
3200.2.a.bm:8:[[-10,20,80,-240,-60,680,-520],[]]
4968.2.a.bf:41:[[-7368,31176,-45351,34470,-15084,3690,-408],[]]
5056.2.a.ba:24:[[6504,-97768,419938,-473684,225314,-47912,3608],[]]
5220.2.a.r:57:[[5680766145,2593258155,472182963,42861081,1939380,34992],[]]
5221.2.a.b:29:[[45456220,10723808,1072475,58697,1576,16],[]]
6776.2.a.r:12:[[-219604,1298528,-3932753,2425533,574585,-375441,-100936],[]]
6864.2.a.bf:41:[[-14672700,1444344,-115171,-10815,504,16],[]]
6962.2.a.q:5:[[-708,-4484,-4071,10502,-295,-1652,-236],[]]
6962.2.a.o:5:[[64,176,155,34,-21,-16],[0,-1,-1]]
7632.2.a.v:41:[[-84941220,-260544348,-330803205,-222068034,-82883841,-16237368,-1295760],[]]
8464.2.a.bg:8:[[99659,-113344,-116403,259532,-166313,47012,-5152],[]]
8475.2.a.r:8:[[826414211,1961596845,1934906580,1015447247,299096355,46889085,3056991],[-1,0,0,-1]]
8784.2.a.bj:24:[[-63,81,177,-231,15,-36],[]]
8976.2.a.bm:8:[[-1053,-14976,-75478,-182650,-320476,-394134,-207558],[]]
9025.2.a.n:5:[[21,-250,1157,-2773,3676,-2583,756],[-1,0,-1,-1]]
9025.2.a.r:5:[[285,760,641,617,166,0,95],[0,-1,-1]]
9510.2.a.x:8:[[6,-143,1447,-5864,11189,-10200,3600],[-1,-1]]
9603.2.a.m:8:[[20,-270,1497,-4406,7230,-6246,2210],[-1,0,0,-1]]
9603.2.a.o:8:[[-151440,91284,-26139,7086,-1113,66,-15],[]]
9802.2.a.j:29:[[52468,69017,-10582,-22399,-1352,2704],[]]
